Genus_species,.draw,P4,P3,P2,P1,var,wa_rank
Ambolestes_zhoui,1,0.0187590969055238,0.6786933363410987,0.25880564173343157,0.04374192501994589,Hl,2.6724696051322003
Ambolestes_zhoui,2,0.03795693566977229,0.7928958262042106,0.14592623014273132,0.023221007983285746,Hl,2.84558868956047
Ambolestes_zhoui,3,0.03115587545402594,0.8174475313692121,0.12894572149870698,0.02245087167805493,Hl,2.857308410599209
Ambolestes_zhoui,4,0.07723199170519143,0.8712130724218075,0.045336419004709194,0.00621851686829189,Hl,3.0194585389638986
Ambolestes_zhoui,5,0.11517487593516135,0.7682954353195719,0.08572029340726706,0.030809395337999756,Hl,2.967835791851895
Ambolestes_zhoui,6,0.028568124172880915,0.6591627976326335,0.22751278783946505,0.08475629035502052,Hl,2.6315427556233746
Ambolestes_zhoui,7,0.16197205796074404,0.771271312014977,0.05295719907409557,0.013799430950183433,Hl,3.0814159969862818
Ambolestes_zhoui,8,0.04533633908269622,0.85886642563817,0.08234875987782142,0.013448475401312443,Hl,2.93609062840225
Ambolestes_zhoui,9,0.008895392612218266,0.6882133105739239,0.23127506044490242,0.07161623636895542,Hl,2.634387859429405
Ambolestes_zhoui,10,0.04403321844907012,0.7496204412701488,0.17019746975670158,0.036148870524079446,Hl,2.80153800764421
Ambolestes_zhoui,11,0.03024763066836139,0.6881507942373821,0.2305756241269643,0.05102595096729223,Hl,2.6976201046068127
Ambolestes_zhoui,12,0.07212722958898948,0.7976643268939139,0.10896068261813374,0.021247760898962964,Hl,2.92067102517293
Ambolestes_zhoui,13,0.039335059596964476,0.812074632794939,0.11994940964680634,0.028640897961290213,Hl,2.8621038540275774
Ambolestes_zhoui,14,0.00858856753842605,0.584313158380187,0.33974797584611116,0.06735029823527572,Hl,2.5341399952217634
Ambolestes_zhoui,15,0.02026518039415151,0.8324016268393866,0.1171131029172755,0.03022008984918645,Hl,2.842711897778503
Ambolestes_zhoui,16,0.01578970079346495,0.7876843304563991,0.18651604839794178,0.010009920352194168,Hl,2.8092538116911348
Ambolestes_zhoui,17,0.0913174400100097,0.8333642277314327,0.06873667946798812,0.006581652790569437,Hl,3.0094174549608828
Ambolestes_zhoui,18,0.006624265887020198,0.6543564291000852,0.290771785356001,0.048247519656893556,Hl,2.6193574412172316
Ambolestes_zhoui,19,0.04586279596765797,0.8382612134296282,0.0974301223570897,0.01844586824562411,Hl,2.91154093711932
Ambolestes_zhoui,20,0.047948735953268505,0.8233413197460278,0.1139704217731391,0.014739522527564608,Hl,2.904499269125
Ambolestes_zhoui,21,0.09119573460733692,0.8496721410215569,0.04501707889020945,0.014115045480896815,Hl,3.0179485647553337
Ambolestes_zhoui,22,0.02198330506369673,0.7015500694685853,0.221487142730871,0.05497948273684694,Hl,2.690537196859132
Ambolestes_zhoui,23,0.021781262301856227,0.7086255941156374,0.2197235023541836,0.049869641228322825,Hl,2.702318477491027
Ambolestes_zhoui,24,0.015685526012991217,0.7343397209654905,0.22002285440076585,0.029951898620752426,Hl,2.735758874370721
Ambolestes_zhoui,25,0.12126050739263196,0.7279321194243394,0.1121068435706416,0.038700529612387014,Hl,2.9317526045972166
Ambolestes_zhoui,26,0.018717172903497756,0.7893997771495486,0.1499764010056892,0.0419066489412645,Hl,2.7849274740152796
Ambolestes_zhoui,27,0.017716381618625914,0.7928277448241803,0.14851051703940732,0.040945356517786524,Hl,2.7873151515436456
Ambolestes_zhoui,28,0.03184359940063084,0.7248013732678604,0.20585826202076263,0.03749676531074608,Hl,2.750991806758376
Ambolestes_zhoui,29,0.07432865103577509,0.8351805743181687,0.08133867059492861,0.009152104051127541,Hl,2.9746857723385913
Ambolestes_zhoui,30,0.015055395345735474,0.6827925854732463,0.23525187010627213,0.06690014907474606,Hl,2.646003227089971
Ambolestes_zhoui,31,0.03591441355005422,0.6969909670973129,0.1805392649339147,0.0865553544187182,Hl,2.682264439778703
Ambolestes_zhoui,32,0.030785598302354708,0.7895232182351072,0.14796434093222965,0.03172684253030844,Hl,2.819367572309508
Ambolestes_zhoui,33,0.028073271142748882,0.7375562870430257,0.17694445429624273,0.05742598751798267,Hl,2.736276841810541
Ambolestes_zhoui,34,0.04904704735074261,0.8307082981535895,0.09285838917965372,0.02738626531601418,Hl,2.901416127539061
Ambolestes_zhoui,35,0.009064697925210925,0.6041065761921226,0.26899419378632194,0.11783453209634454,Hl,2.5044014399462
Ambolestes_zhoui,36,0.013994203721487245,0.7380071787787533,0.1988893311714861,0.04910928632827327,Hl,2.7168862998934546
Ambolestes_zhoui,37,0.009091882841335414,0.6168586298892836,0.29248518552723746,0.08156430174214346,Hl,2.553478093829811
Ambolestes_zhoui,38,0.018491252679332337,0.7917245275619461,0.162786837542237,0.02699738221648451,Hl,2.8017096507041264
Ambolestes_zhoui,39,0.01592617428083572,0.7249449222270484,0.19084238709104062,0.06828651640107519,Hl,2.6885107543876448
Ambolestes_zhoui,40,0.05876414219341149,0.8096430195487532,0.11233172576991735,0.019261112487917953,Hl,2.9079101914476584
Ambolestes_zhoui,41,0.006693007648341169,0.49954481223560326,0.3931438979055586,0.10061828221049696,Hl,2.4123125453217886
Ambolestes_zhoui,42,0.1226342851253065,0.8174709502724924,0.05168602054049287,0.00820874406170824,Hl,3.054530776461397
Ambolestes_zhoui,43,0.03821709002620634,0.7763847972698845,0.14982912026507778,0.03556899243883138,Hl,2.817249984883466
Ambolestes_zhoui,44,0.034418201032026384,0.7138888881223502,0.1941193654997867,0.057573545345836696,Hl,2.7251517448405664
Ambolestes_zhoui,45,0.021222364631719403,0.5353688807152119,0.3262898753281618,0.11711887932490683,Hl,2.460694730653744
Ambolestes_zhoui,46,0.03673986157654368,0.7137350587683527,0.1981772141523891,0.05134786550271453,Hl,2.7358669164187255
Ambolestes_zhoui,47,0.011413065178014088,0.577815489812292,0.35275559408110535,0.05801585092858852,Hl,2.5426257692397316
Ambolestes_zhoui,48,0.051154234260239524,0.8718461349589525,0.06687300649021188,0.010126624290596076,Hl,2.9640279791888355
Ambolestes_zhoui,49,0.01583302876723498,0.7571500530069419,0.19192535982650316,0.03509155839931988,Hl,2.753724552142092
Ambolestes_zhoui,50,0.027593852086807008,0.7997948595818479,0.15507411057909282,0.017537177752252275,Hl,2.8374453860032096
Ambolestes_zhoui,51,0.0695566029968224,0.8083795479461646,0.07982910896434747,0.04223474009266548,Hl,2.905258013847144
Ambolestes_zhoui,52,0.01608320818820027,0.7059696574209604,0.20046822143055143,0.07747891296028786,Hl,2.660657160837073
Ambolestes_zhoui,53,0.08782014410396735,0.8206430909489211,0.07816270170317652,0.013374063243935086,Hl,2.982909315912921
Ambolestes_zhoui,54,0.029226037008454993,0.8003034524757832,0.14442822579896175,0.026042284716800146,Hl,2.832713241775893
Ambolestes_zhoui,55,0.02007204976244587,0.6665782332088968,0.2600014230463542,0.05334829398230312,Hl,2.6533740387514855
Ambolestes_zhoui,56,0.05266793185354783,0.8914631640973057,0.04726354121672349,0.00860536283242297,Hl,2.9881936649719782
Ambolestes_zhoui,57,0.021143040607337536,0.7663500809391292,0.16687858711626835,0.04562829133726498,Hl,2.7630078708165393
Ambolestes_zhoui,58,0.03238204504999382,0.7612102967437032,0.16683412077013815,0.03957353743616476,Hl,2.786400849407526
Ambolestes_zhoui,59,0.060899795226139766,0.7915980156884626,0.1172769820010352,0.030225207084362493,Hl,2.8831723990563796
Ambolestes_zhoui,60,0.08630726768463257,0.788739682049966,0.1022519571996845,0.022701093065716882,Hl,2.9386531243535146
Ambolestes_zhoui,61,0.020189328020020086,0.8126206933043485,0.14368815331139861,0.023501825364232842,Hl,2.8294975239801556
Ambolestes_zhoui,62,0.006621384322469878,0.641988317193346,0.25044930857061354,0.10094098991357059,Hl,2.5542900959247152
Ambolestes_zhoui,63,0.023899666739429674,0.7581038204166584,0.1675016403106575,0.050494872533254465,Hl,2.7554082813622633
Ambolestes_zhoui,64,0.011085894963829133,0.622258211645101,0.2885752879326794,0.07808060545839046,Hl,2.566349396114369
Ambolestes_zhoui,65,0.07131138691675902,0.8207211333486426,0.0816587257196536,0.026308754014944813,Hl,2.9370351531672156
Ambolestes_zhoui,66,0.007901915762189366,0.4912196486367095,0.365634017167791,0.13524441843331014,Hl,2.371779061727778
Ambolestes_zhoui,67,0.0496673264150751,0.8040395001238911,0.11716829730847156,0.029124876152562207,Hl,2.8742492768014793
Ambolestes_zhoui,68,0.041020479945901585,0.7855554239749563,0.13121330150463728,0.04221079457450483,Hl,2.825385589292255
Ambolestes_zhoui,69,0.09968276506590375,0.8512123668836653,0.04086466220074725,0.008240205849683657,Hl,3.0423376911657893
Ambolestes_zhoui,70,0.006987143516031845,0.5897531491732766,0.27555175035350277,0.12770795695718884,Hl,2.4760194792481514
Ambolestes_zhoui,71,0.018560374328817488,0.772476767183719,0.1739127814816025,0.035050077005860936,Hl,2.7745474388354934
Ambolestes_zhoui,72,0.024086272236837424,0.6272769658562962,0.2542240437088996,0.0944127181979667,Hl,2.5810367921320045
Ambolestes_zhoui,73,0.0507096303920198,0.7709630110430555,0.13558413971898753,0.042743218845937125,Hl,2.8296390529811584
Ambolestes_zhoui,74,0.02544685473282364,0.6201115476615487,0.2841790346261699,0.07026256297945777,Hl,2.6007426941477383
Ambolestes_zhoui,75,0.030862186016809873,0.793272402384306,0.1412959960663701,0.034569415532514025,Hl,2.8204273588854116
Ambolestes_zhoui,76,0.002110714069452094,0.3722672040056969,0.43346647762906243,0.1921556042957886,Hl,2.1843330278488127
Ambolestes_zhoui,77,0.025704883147835887,0.8140098018054137,0.12469685651987206,0.03558845852687831,Hl,2.8298311095742075
Ambolestes_zhoui,78,0.06266847973631036,0.7960360396323829,0.11672953930785879,0.024565941323447915,Hl,2.896807057781556
Ambolestes_zhoui,79,0.019156988735373505,0.7517121209654775,0.19499339626256218,0.034137494036586835,Hl,2.7558886043996376
Ambolestes_zhoui,80,0.041314364240078685,0.7724669596656969,0.14339133263176174,0.04282734346246264,Hl,2.812268344683392
Ambolestes_zhoui,81,0.09224557659858199,0.8041898037710061,0.08971253261776246,0.013852087012649394,Hl,2.9748288699555205
Ambolestes_zhoui,82,0.04788948582939051,0.8615627398037569,0.07592356662779376,0.014624207739058814,Hl,2.942717503723479
Ambolestes_zhoui,83,0.011416165431039361,0.6589547045158975,0.23206316853493658,0.097565961518126465,Hl,2.5842210738598497
Ambolestes_zhoui,84,0.013394242382777201,0.5497260591436343,0.3403274879000393,0.09655221057354924,Hl,2.4799623333356395
Ambolestes_zhoui,85,0.015347480347210129,0.7814605366950241,0.16623923652713313,0.03695274643063262,Hl,2.7752027509588117
Ambolestes_zhoui,86,0.025466679993674524,0.7282279578307083,0.201208283859023,0.045097078316594263,Hl,2.734064239501463
Ambolestes_zhoui,87,0.04681963277801442,0.8167118569516792,0.11561560233069168,0.020852907939614695,Hl,2.8894982145680936
Ambolestes_zhoui,88,0.050754277006016535,0.7808245396474252,0.1350679427660465,0.03335324058051181,Hl,2.848979853078946
Ambolestes_zhoui,89,0.03073315453546082,0.7905906261339117,0.14597079298194116,0.03270542634868634,Hl,2.8193515088561467
Ambolestes_zhoui,90,0.02988026772746924,0.7747007554486649,0.167163038609911,0.02825593821395489,Hl,2.8062053526896484
Ambolestes_zhoui,91,0.015026941130778652,0.8203738855939389,0.13809858725390678,0.026500586021375727,Hl,2.8239271818341205
Ambolestes_zhoui,92,0.08231289072124362,0.8411384311110056,0.05596989566392585,0.020578782503824944,Hl,2.985185430049668
Ambolestes_zhoui,93,0.033829819745664735,0.7472948841643747,0.17413858969515672,0.04473670639480387,Hl,2.7702178172609004
Ambolestes_zhoui,94,0.028514596712086834,0.7874900998001195,0.1523350173554957,0.03166028613229799,Hl,2.8128590070919954
Ambolestes_zhoui,95,0.022564556745046514,0.7690306984947517,0.176354896553091,0.032049848207110765,Hl,2.7821099637777342
Ambolestes_zhoui,96,0.06573548036116757,0.8391880735748055,0.08205498188784333,0.01302146417618355,Hl,2.957637570120957
Ambolestes_zhoui,97,0.0241452215170477,0.6284292003852009,0.2584358083910051,0.08898976970674632,Hl,2.58772987371255
Ambolestes_zhoui,98,0.03188789815404149,0.6911747753581351,0.19438087125901415,0.08255645522880928,Hl,2.6723941164374088
Ambolestes_zhoui,99,0.011972576647684087,0.7920201257633169,0.15222928108823908,0.04377801650075985,Hl,2.7721872625579254
Ambolestes_zhoui,100,0.0402555138505173,0.8252243134147542,0.11601597082020298,0.01850420191452551,Hl,2.8872311392012633
Cokotherium_jiufotangensis,1,0.018657558297675746,0.6776265036699417,0.2597420768793276,0.043973861153054905,Hl,2.670967759112238
Cokotherium_jiufotangensis,2,0.03801916122620334,0.7930727590898734,0.14572566094548978,0.02318241873843352,Hl,2.8459286628038467
Cokotherium_jiufotangensis,3,0.03165130909781525,0.8190328691076435,0.12721965671290303,0.022096165081638253,Hl,2.8602393222216356
Cokotherium_jiufotangensis,4,0.08036188672390256,0.8701514872514123,0.04352901201459214,0.005957614010092982,Hl,3.0249176466891243
Cokotherium_jiufotangensis,5,0.11817326974294774,0.7682591036807909,0.08361524580465185,0.029952380771609555,Hl,2.9746532623950768
Cokotherium_jiufotangensis,6,0.028215840195566447,0.6567659498111048,0.2292660020225783,0.08575220797075045,Hl,2.6274454222314874
Cokotherium_jiufotangensis,7,0.16742196766002157,0.7682476509171252,0.051059855437688095,0.013270525985165094,Hl,3.0898210602520035
Cokotherium_jiufotangensis,8,0.04708687341673557,0.8605016997370994,0.07947989213445716,0.012931534711707826,Hl,2.941743911858863
Cokotherium_jiufotangensis,9,0.008984402081256868,0.6902413541871107,0.22982309301522008,0.07095115071641234,Hl,2.637259007633212
Cokotherium_jiufotangensis,10,0.04286764594675464,0.7461552435750455,0.17383826261453494,0.03713884786366495,Hl,2.7947516876048897
Cokotherium_jiufotangensis,11,0.02986360650352236,0.6858621984591423,0.2326065808609329,0.05166761417640242,Hl,2.693921797289785
Cokotherium_jiufotangensis,12,0.0736804740128321,0.7986917969716926,0.10685267791281639,0.02077505110265898,Hl,2.9252776938946976
Cokotherium_jiufotangensis,13,0.03958795834429191,0.8126638464111988,0.11929233522917926,0.02845586001533007,Hl,2.8633839030844532
Cokotherium_jiufotangensis,14,0.00866193015774761,0.5863089898507003,0.33821570753852515,0.06681337245302688,Hl,2.5368194777131685
Cokotherium_jiufotangensis,15,0.021235885432849752,0.8373327147440096,0.11258058304670959,0.028850816776431087,Hl,2.8509536688332777
Cokotherium_jiufotangensis,16,0.016015141139869127,0.7897236762566151,0.18439301667252284,0.009868165930992934,Hl,2.8118857926053606
Cokotherium_jiufotangensis,17,0.09808116230307878,0.8319163275911885,0.06391730340408475,0.006085206701647916,Hl,3.0219934454956983
Cokotherium_jiufotangensis,18,0.0064413886004618,0.6481963432905029,0.2958041571467487,0.04955811096228657,Hl,2.61152100952914
Cokotherium_jiufotangensis,19,0.045284401930522265,0.8374703098745468,0.09855711043141147,0.018688177763519387,Hl,2.9093509359720717
Cokotherium_jiufotangensis,20,0.04980916000406914,0.8259028658767101,0.11011852145144929,0.014169452667771476,Hl,2.911351733217077
Cokotherium_jiufotangensis,21,0.09275675519958072,0.8491425050829629,0.04424345379542305,0.013857285922033391,Hl,3.020798729560091
Cokotherium_jiufotangensis,22,0.02245842682633717,0.7054279170313734,0.21825939487741175,0.05385426126487769,Hl,2.6964905094191702
Cokotherium_jiufotangensis,23,0.021736569469258372,0.7082566316817249,0.22003757470955498,0.0499692241394617,Hl,2.70176054648078
Cokotherium_jiufotangensis,24,0.01667701529275134,0.7448460390521064,0.21028313192287096,0.028193813732271256,Hl,2.7500062559053378
Cokotherium_jiufotangensis,25,0.12186099773102625,0.7280503782741504,0.11159676006073316,0.03849186393409021,Hl,2.933280509802113
Cokotherium_jiufotangensis,26,0.018409542342408335,0.7870754050216571,0.15192516377880916,0.042589888857125446,Hl,2.7813046008493485
Cokotherium_jiufotangensis,27,0.017837714681796325,0.7937711869508831,0.1477177451741729,0.04067335319314769,Hl,2.788773263121328
Cokotherium_jiufotangensis,28,0.03142856872762091,0.7227131589016351,0.20786948564124452,0.03798878672949946,Hl,2.7475815096273775
Cokotherium_jiufotangensis,29,0.0770368817881533,0.8356087811409334,0.07854674875737,0.008807588313543335,Hl,2.9808749564036967
Cokotherium_jiufotangensis,30,0.015026181529178518,0.6824058357715999,0.23554462936585785,0.06702335333336373,Hl,2.6454348454965935
Cokotherium_jiufotangensis,31,0.03728263737004297,0.7031508562068906,0.17603071697795414,0.08353578944511231,Hl,2.6941803415018644
Cokotherium_jiufotangensis,32,0.030771005004849233,0.7894656911767932,0.14802142952573327,0.03174187429262432,Hl,2.8192658268938673
Cokotherium_jiufotangensis,33,0.028280211266846503,0.7387027185443036,0.1759987822586353,0.05701828793021457,Hl,2.738244853147782
Cokotherium_jiufotangensis,34,0.049682222859749624,0.8314976278190674,0.09179211803137166,0.02702803128981124,Hl,2.9038340422487554
Cokotherium_jiufotangensis,35,0.008713701189943614,0.5949650916287913,0.2742813218421839,0.12203988533908117,Hl,2.490352608669597
Cokotherium_jiufotangensis,36,0.014179595319258251,0.7403028923102553,0.19702784382601923,0.048489668544467235,Hl,2.7201724144043045
Cokotherium_jiufotangensis,37,0.008936568268683468,0.6129341599843011,0.2952529632297527,0.08287630851726269,Hl,2.5479309880044054
Cokotherium_jiufotangensis,38,0.019498375127060364,0.798890936366795,0.15599764638439229,0.025613042121752416,Hl,2.8122746444991633
Cokotherium_jiufotangensis,39,0.015855443178516945,0.7241463866928592,0.19142332542107499,0.06857484470754882,Hl,2.6872824283423444
Cokotherium_jiufotangensis,40,0.05813097698270438,0.808955783992382,0.1134335774821621,0.019479661542751492,Hl,2.905738076415039
Cokotherium_jiufotangensis,41,0.0067040092982341625,0.4999471116744914,0.39288012837994635,0.10046875064732808,Hl,2.4128863796236315
Cokotherium_jiufotangensis,42,0.13222933082955446,0.812556063718087,0.04767966064740403,0.007534944804954535,Hl,3.0694797805722414
Cokotherium_jiufotangensis,43,0.037556932043346654,0.7742941338845161,0.15195341257498607,0.03619552149715122,Hl,2.813212476474058
Cokotherium_jiufotangensis,44,0.03405877668182237,0.7121955098084857,0.19557953406535955,0.058166179444332444,Hl,2.722146883727798
Cokotherium_jiufotangensis,45,0.02059787868488903,0.52845230587179,0.3306395996652264,0.12031021577809453,Hl,2.4493378474634735
Cokotherium_jiufotangensis,46,0.036501703574493345,0.7127069493208901,0.19911365413677073,0.051677692967845856,Hl,2.7340326635020307
Cokotherium_jiufotangensis,47,0.01125399829769454,0.5745342358847247,0.3554152076162336,0.058796558201347104,Hl,2.538245674278767
Cokotherium_jiufotangensis,48,0.0539914860498785,0.8729618529065892,0.06347551231109805,0.009571148732434254,Hl,2.9713736762739122
Cokotherium_jiufotangensis,49,0.015534940506149985,0.7540418898459922,0.19467189341913582,0.035751276228721984,Hl,2.74936049462957
Cokotherium_jiufotangensis,50,0.029394632052655523,0.807090538614748,0.14706432952353965,0.016450499809056884,Hl,2.849429302911002
Cokotherium_jiufotangensis,51,0.07034872197594251,0.8088862109162793,0.07902010040308871,0.04174496670468941,Hl,2.907838688163475
Cokotherium_jiufotangensis,52,0.016542875104764314,0.7112225071510866,0.19677865411291673,0.07545596363123241,Hl,2.6688522937293824
Cokotherium_jiufotangensis,53,0.08854081392376045,0.8206650471017454,0.0775378309264102,0.013256308048083976,Hl,2.984490366901182
Cokotherium_jiufotangensis,54,0.030446746314655996,0.8049644421815444,0.13959519907297446,0.024993612430825096,Hl,2.8408643223800314
Cokotherium_jiufotangensis,55,0.01937293102603714,0.6594440749372313,0.2659785211681257,0.05520447286860586,Hl,2.6429854641206996
Cokotherium_jiufotangensis,56,0.05769500825993031,0.8913126624031246,0.04317226476237679,0.007820064574568297,Hl,2.998882614348417
Cokotherium_jiufotangensis,57,0.021749692679982335,0.7705410383588949,0.16332344248885944,0.04438582647226341,Hl,2.7696545972465962
Cokotherium_jiufotangensis,58,0.031407455735854684,0.756966418345035,0.17083527297393586,0.04079085294517448,Hl,2.77899047687157
Cokotherium_jiufotangensis,59,0.06149813903964214,0.7923044384513558,0.11627599116705023,0.0299214313419518,Hl,2.8853792851886886
Cokotherium_jiufotangensis,60,0.08814645389153178,0.7894045280133748,0.10025482243147699,0.022194195663616467,Hl,2.943503240132822
Cokotherium_jiufotangensis,61,0.02041691202114929,0.8139801662951615,0.14236225151401904,0.02324067016967024,Hl,2.8315733201677897
Cokotherium_jiufotangensis,62,0.0065177243681254216,0.6384633947915064,0.2526272675318676,0.10239161330850055,Hl,2.5491072302192563
Cokotherium_jiufotangensis,63,0.02435393957828209,0.7609208771705693,0.16514741126120436,0.049577771989944175,Hl,2.760050984337189
Cokotherium_jiufotangensis,64,0.010777386665947122,0.6159153948353804,0.29314763226796714,0.0801595862307054,Hl,2.5573105819365693
Cokotherium_jiufotangensis,65,0.07132571397750298,0.8207276379847639,0.08164343472578761,0.026303213311945517,Hl,2.9370758526278244
Cokotherium_jiufotangensis,66,0.007429852820519162,0.4761788634544428,0.3737212500721228,0.1426700336529152,Hl,2.3483685354425656
Cokotherium_jiufotangensis,67,0.0507664003437496,0.805795106569266,0.11495821735450795,0.028480275732476468,Hl,2.8788476315242884
Cokotherium_jiufotangensis,68,0.039641378082558035,0.7817667140821565,0.13491668802024614,0.0436752198150393,Hl,2.8173742504322337
Cokotherium_jiufotangensis,69,0.10815575083051822,0.8468198316012427,0.03749583043718119,0.007528587131057862,Hl,3.055602746131221
Cokotherium_jiufotangensis,70,0.006628479017455523,0.5772811216465344,0.28235424063482384,0.13373615870118616,Hl,2.4568019209802596
Cokotherium_jiufotangensis,71,0.01794128953947652,0.767326595748604,0.17849437865161843,0.03623773606030112,Hl,2.7669714387672557
Cokotherium_jiufotangensis,72,0.023110733191822146,0.6185760609292261,0.26021741389018327,0.0980957919887685,Hl,2.5667017353241017
Cokotherium_jiufotangensis,73,0.050839718772568786,0.7712280725860767,0.13529929144514286,0.04263291719621165,Hl,2.830274592935003
Cokotherium_jiufotangensis,74,0.025108129020541863,0.6172982977651064,0.286427588811922,0.07116598440242983,Hl,2.59634857140376
Cokotherium_jiufotangensis,75,0.030075041420399268,0.7901638645835553,0.14429120571837128,0.035469888277674166,Hl,2.81484405914668
Cokotherium_jiufotangensis,76,0.0019841808292555443,0.3580011811439742,0.43805914402638363,0.2019554940003866,Hl,2.1600140488020987
Cokotherium_jiufotangensis,77,0.024594651989845093,0.8089299798241483,0.1292993199806921,0.037176048205314505,Hl,2.820943235598524
Cokotherium_jiufotangensis,78,0.06111044628621924,0.7943065090091326,0.11936576100991547,0.02521728369473275,Hl,2.8913101178868383
Cokotherium_jiufotangensis,79,0.0188510771103138,0.7491067703042312,0.19735945078059125,0.03468270180486377,Hl,2.752126222719995
Cokotherium_jiufotangensis,80,0.041921340404425356,0.7741551508566362,0.14171568148890057,0.04220782725003791,Hl,2.815790004415449
Cokotherium_jiufotangensis,81,0.09391210293596043,0.8043418590556289,0.0881610652921262,0.01358497271628445,Hl,2.9785810922112654
Cokotherium_jiufotangensis,82,0.04874900477865777,0.8622307476775362,0.0746629678506,0.014357279693206104,Hl,2.9453714775416455
Cokotherium_jiufotangensis,83,0.011379700862336424,0.6582756789052503,0.23249335777248847,0.09785126245992481,Hl,2.5831838181699984
Cokotherium_jiufotangensis,84,0.01285230273662317,0.5399462078373543,0.34693646517083654,0.10026502425518602,Hl,2.4653857890554147
Cokotherium_jiufotangensis,85,0.014668229955430339,0.774597569725942,0.1721107117726861,0.03862348854594155,Hl,2.7653105410908614
Cokotherium_jiufotangensis,86,0.025497989242683216,0.7284306260936582,0.20102856916348233,0.0450428155001763,Hl,2.7343837890788483
Cokotherium_jiufotangensis,87,0.04900634841113253,0.8200772618850283,0.11102024306483149,0.01989614663900774,Hl,2.8981938120682855
Cokotherium_jiufotangensis,88,0.05144390614794878,0.7821175207363239,0.1335408588443513,0.032897714271376,Hl,2.8521076187608454
Cokotherium_jiufotangensis,89,0.03009221701751753,0.7880194014578202,0.1484882753137554,0.03340010621090683,Hl,2.8148037292819486
Cokotherium_jiufotangensis,90,0.03036658530253154,0.7768184229460462,0.1650125385319272,0.027802453219495038,Hl,2.8097491403316144
Cokotherium_jiufotangensis,91,0.015338240030241472,0.8229055791889173,0.13578746548561593,0.025968715295225375,Hl,2.827613343954175
Cokotherium_jiufotangensis,92,0.0840921987445042,0.8409918731044395,0.05480208477566462,0.020113843375391682,Hl,2.9890624272180566
Cokotherium_jiufotangensis,93,0.03332160361334631,0.7451134979111893,0.1761540531204815,0.045410845354982854,Hl,2.766345859782899
Cokotherium_jiufotangensis,94,0.02758747867283932,0.7832562560420686,0.15643659387688857,0.03271967140820353,Hl,2.8057115419795435
Cokotherium_jiufotangensis,95,0.02307587915997677,0.7722770229529319,0.1733010397246293,0.031346058162462054,Hl,2.7870827231104234
Cokotherium_jiufotangensis,96,0.06820572629380374,0.8400654616896751,0.07920581472274768,0.012522997293773486,Hl,2.963953916983509
Cokotherium_jiufotangensis,97,0.023926891373395712,0.6265344041177988,0.25979150160689235,0.08974720290191307,Hl,2.5846409839626774
Cokotherium_jiufotangensis,98,0.03155967094618183,0.6893582175831189,0.19571270995726264,0.08336940151343664,Hl,2.6691081579620457
Cokotherium_jiufotangensis,99,0.011501981161675676,0.7860175118791083,0.15697213904446972,0.04550836791474633,Hl,2.7635131062877134
Cokotherium_jiufotangensis,100,0.040369576527200815,0.8254531370358297,0.11572655526337061,0.018450731173598856,Hl,2.8877415589166326
Dryomomys_szalayi,1,0.03542732463748423,0.7803705898921641,0.1609460127172717,0.023256072753079948,Hl,2.8279691664140527
Dryomomys_szalayi,2,0.05467135950900584,0.8233791684322894,0.10599004357605957,0.0159594284826452,Hl,2.9167624589676557
Dryomomys_szalayi,3,0.05277437815055351,0.8538652855018949,0.08027780415598829,0.0130825321915633,Hl,2.9463315096114386
Dryomomys_szalayi,4,0.10904048802533291,0.8551183927007038,0.0315800725055464,0.004261046768416876,Hl,3.0689383219829525
Dryomomys_szalayi,5,0.15658990495507444,0.75876362901478,0.06284546008817071,0.02180100594197487,Hl,3.050142432982954
Dryomomys_szalayi,6,0.049830312683865854,0.7472256937088279,0.15357826101346583,0.04936573259384047,Hl,2.797520586482719
Dryomomys_szalayi,7,0.23623511202643463,0.7209785401512262,0.03411848645228688,0.008667861370052266,Hl,3.1847809028340435
Dryomomys_szalayi,8,0.07932990055399324,0.8654999769501086,0.04771309431035542,0.0074570281855427245,Hl,3.0167027498725525
Dryomomys_szalayi,9,0.014698788686464008,0.7780659280335261,0.16288310757520774,0.0443521757048021,Hl,2.763111329701652
Dryomomys_szalayi,10,0.07126604524970478,0.7937354660550242,0.11298127908510114,0.02201720961016984,Hl,2.914250346944264
Dryomomys_szalayi,11,0.04252852249696219,0.7416242583653545,0.17946270300832545,0.03638451612935789,Hl,2.7902967872299205
Dryomomys_szalayi,12,0.13374690851560184,0.7961659902285063,0.05927546890611013,0.010811632349781775,Hl,3.0528481749099283
Dryomomys_szalayi,13,0.05935848496779971,0.8389201524057985,0.08294870908612684,0.01877265354027491,Hl,2.938864468801123
Dryomomys_szalayi,14,0.012506678284285868,0.6679268272110597,0.2724968280931429,0.04706966641151156,Hl,2.64587051736812
Dryomomys_szalayi,15,0.023345884384347853,0.846583908211587,0.10381354899216777,0.026256658411897393,Hl,2.867019018568385
Dryomomys_szalayi,16,0.028465317916758322,0.8534236951924427,0.1126050624818693,0.005505924408929719,Hl,2.9048484066170297
Dryomomys_szalayi,17,0.11286355432839364,0.8266851022312932,0.05524522397512577,0.005206119465187342,Hl,3.0472060914228933
Dryomomys_szalayi,18,0.011026072154887859,0.7542149878822065,0.2053305317729216,0.029428408189984046,Hl,2.7468387240019982
Dryomomys_szalayi,19,0.10090795216562728,0.8459435946706748,0.045164244232986483,0.00798420893071139,Hl,3.0397752900712183
Dryomomys_szalayi,20,0.08592046620943782,0.8407343625049957,0.06539330103918606,0.007951870246380444,Hl,3.004623424677491
Dryomomys_szalayi,21,0.16279364865137305,0.805791719676335,0.024080338123302125,0.007334293548989845,Hl,3.124044723430091
Dryomomys_szalayi,22,0.04291874574799517,0.7963396358031001,0.13240653849728656,0.028335079951618214,Hl,2.853842047347472
Dryomomys_szalayi,23,0.03610122962984223,0.7839525138352811,0.1496865312391532,0.030259725295723516,Hl,2.8258952477992416
Dryomomys_szalayi,24,0.024911033157089944,0.8029774851170425,0.15321573905148145,0.018895742674386096,Hl,2.8339038087568365
Dryomomys_szalayi,25,0.16419737133036774,0.7248953193563273,0.08340657711389776,0.027500732199407185,Hl,3.0257893298176555
Dryomomys_szalayi,26,0.023996009003649323,0.8204464438843173,0.12273736663082235,0.03282018048121105,Hl,2.835618281410405
Dryomomys_szalayi,27,0.02510607075435633,0.8342220810685159,0.11163945811952125,0.029032390057606494,Hl,2.855401832519622
Dryomomys_szalayi,28,0.05493685382006841,0.7911016945030462,0.13239412930129746,0.021567322375587894,Hl,2.879408079767595
Dryomomys_szalayi,29,0.1251760582975198,0.8219428373726655,0.0477244564452769,0.005156647884537846,Hl,3.067138306083167
Dryomomys_szalayi,30,0.023588812751651606,0.7613711980272139,0.17164509036929443,0.043394898851840114,Hl,2.765153924678677
Dryomomys_szalayi,31,0.07195771321165237,0.7790410832003087,0.10545797260709433,0.04354323098094459,Hl,2.879413278642669
Dryomomys_szalayi,32,0.04702473682001935,0.8293961430267409,0.10292307375481113,0.02065604639842855,Hl,2.9027895702683515
Dryomomys_szalayi,33,0.041751736510078005,0.7895515451454593,0.1298762718103682,0.038820446534094444,Hl,2.8342345716315207
Dryomomys_szalayi,34,0.08803941781458535,0.8439075024824401,0.05323265818914047,0.014820421513834114,Hl,3.005165916597776
Dryomomys_szalayi,35,0.013254911397835124,0.6862371804019478,0.21713034613355808,0.08337756206665903,Hl,2.629369441130959
Dryomomys_szalayi,36,0.024564110207428606,0.818702373319871,0.1284496456059755,0.028283870866724903,Hl,2.839546722868003
Dryomomys_szalayi,37,0.015586986970915134,0.7272017453856839,0.2082679519549523,0.048943315688448674,Hl,2.709432403639066
Dryomomys_szalayi,38,0.025696498266141905,0.830965490160495,0.12390336409204006,0.019434647481322953,Hl,2.8629238392114558
Dryomomys_szalayi,39,0.022146297688669155,0.7778943238498155,0.15019262253410326,0.04976675592741209,Hl,2.772420163299742
Dryomomys_szalayi,40,0.11842279582542523,0.8157826100256668,0.056749340036509666,0.009045254112398315,Hl,3.043582947564119
Dryomomys_szalayi,41,0.010299934956012004,0.6026346832680426,0.3195240848792077,0.06754129689673771,Hl,2.5556932562833286
Dryomomys_szalayi,42,0.12473251025769408,0.8164535519586029,0.05076131320717292,0.00805262457653011,Hl,3.057865947897461
Dryomomys_szalayi,43,0.05711278462801949,0.812980218120447,0.10628453577445418,0.02362246147707936,Hl,2.9035833258994064
Dryomomys_szalayi,44,0.0596662903154279,0.7814131132289481,0.12574083179886342,0.033179764656760535,Hl,2.8675659292030433
Dryomomys_szalayi,45,0.03437257195976718,0.6389098674031782,0.25195483970447285,0.07476272093258174,Hl,2.632892290390131
Dryomomys_szalayi,46,0.060351789761200245,0.7747593359276289,0.13374700630710812,0.03114186800406271,Hl,2.8643210474459666
Dryomomys_szalayi,47,0.01953628784896714,0.6927559485078845,0.2532527447529407,0.034455018890207745,Hl,2.6973735053156105
Dryomomys_szalayi,48,0.11225237885981566,0.8534006990475332,0.030004072395093617,0.004342849697557494,Hl,3.073562607069607
Dryomomys_szalayi,49,0.02410773464838949,0.815338092359283,0.13741801337586246,0.02313615961646509,Hl,2.8404174020395967
Dryomomys_szalayi,50,0.04537940046344189,0.8438759453870851,0.10020134232671196,0.010543311822761026,Hl,2.9240914344912077
Dryomomys_szalayi,51,0.14204387507028562,0.798885427996743,0.039548024203690524,0.019522672729280877,Hl,3.063450505408033
Dryomomys_szalayi,52,0.032785635198010525,0.8106482736649007,0.11764201085276371,0.03892408028432515,Hl,2.837295463776597
Dryomomys_szalayi,53,0.1679785621675448,0.7861754827969052,0.03942341382534231,0.006422541210207688,Hl,3.115710065921787
Dryomomys_szalayi,54,0.06513351632787337,0.8533085740800718,0.07013578891766581,0.01142212067438908,Hl,2.9721534860614294
Dryomomys_szalayi,55,0.029490464039173027,0.7352598103609358,0.19865202719098807,0.036597698408903145,Hl,2.7576430400303784
Dryomomys_szalayi,56,0.07400139112043026,0.8864590509617029,0.03353719226425711,0.006002365653609787,Hl,3.0284594675489536
Dryomomys_szalayi,57,0.04094635750529534,0.8389311646407154,0.09650611685331167,0.023616361000677655,Hl,2.897207518650628
Dryomomys_szalayi,58,0.03889119055477557,0.784083121115075,0.14407158376491325,0.032954104565236175,Hl,2.8289113976593896
Dryomomys_szalayi,59,0.13553411587889308,0.7976792908212377,0.054059224752401436,0.01272736854746781,Hl,3.056020154031556
Dryomomys_szalayi,60,0.11716535835231136,0.7905764025310984,0.07599431671296131,0.01626392240362895,Hl,3.008643196832092
Dryomomys_szalayi,61,0.03898413681616974,0.8684788354618896,0.0804595738180921,0.012077453903848512,Hl,2.934369655190381
Dryomomys_szalayi,62,0.009557172393658497,0.7181222765422159,0.2003468822209874,0.07197366884313816,Hl,2.665262952486395
Dryomomys_szalayi,63,0.04344947002497576,0.825914411711513,0.10276872830775374,0.027867389955757438,Hl,2.884945961805707
Dryomomys_szalayi,64,0.018006244859203848,0.7205846776800752,0.21217976534660343,0.04922931211411752,Hl,2.707367855284365
Dryomomys_szalayi,65,0.13075950974896136,0.8110526804459616,0.04458321898919604,0.013604590815881057,Hl,3.0589671091280035
Dryomomys_szalayi,66,0.014531472319278553,0.6339572028920722,0.2736150518106729,0.0778962729779763,Hl,2.5851238745526532
Dryomomys_szalayi,67,0.07197905142738437,0.8245055575541097,0.08370211400306082,0.019813277015445108,Hl,2.948650383393433
Dryomomys_szalayi,68,0.07389483345185473,0.8250000268984279,0.07802439084377177,0.023080748805945572,Hl,2.949708944996192
Dryomomys_szalayi,69,0.14833242124245932,0.8198825747559246,0.02653085673390143,0.0052541472677146706,Hl,3.111293269973129
Dryomomys_szalayi,70,0.018760570087169363,0.7820732381619707,0.14804057937111126,0.051125612379748664,Hl,2.7684687659565608
Dryomomys_szalayi,71,0.033687883497588327,0.8409749837302118,0.10601402467051113,0.01932310810168869,Hl,2.8890276426236996
Dryomomys_szalayi,72,0.04178953979130987,0.7257281914509686,0.17676937348095856,0.05571289527676304,Hl,2.7535943757568253
Dryomomys_szalayi,73,0.07962371628220685,0.8022036132332034,0.09134139840517808,0.026831272079411606,Hl,2.9346197737182056
Dryomomys_szalayi,74,0.03373795040155647,0.6751826101383849,0.23758698101500486,0.05349245844505379,Hl,2.6891660524964442
Dryomomys_szalayi,75,0.05410134348761556,0.8397039393864659,0.08664792211809003,0.01954679500782852,Hl,2.9283598313538683
Dryomomys_szalayi,76,0.0028367432500308997,0.44309486032340845,0.4037903736489045,0.15027802277765612,Hl,2.2984903240458143
Dryomomys_szalayi,77,0.03987152629355426,0.8519742813308803,0.0852468800058267,0.022907312369738753,Hl,2.90881002154825
Dryomomys_szalayi,78,0.12872153259568733,0.801975093353768,0.05803463102193107,0.011268743028613581,Hl,3.048149415516529
Dryomomys_szalayi,79,0.033850606401510885,0.8240069561911882,0.12282060062018418,0.019321836787116742,Hl,2.8723863322070935
Dryomomys_szalayi,80,0.07875600796020882,0.8178206062916205,0.08136570130844956,0.022057684439721226,Hl,2.953274937772317
Dryomomys_szalayi,81,0.17077327302736164,0.775294865828451,0.047048446190660065,0.006883414953527289,Hl,3.109957996929647
Dryomomys_szalayi,82,0.11100012950201381,0.8504386688402921,0.032618105866611624,0.005943095791082542,Hl,3.066495832053237
Dryomomys_szalayi,83,0.015086031708634286,0.7144600814035806,0.19508671818747292,0.07536716870031213,Hl,2.6692649761205374
Dryomomys_szalayi,84,0.035874222255312845,0.7435094344028508,0.18308688335140622,0.037529459990430114,Hl,2.7777284189230462
Dryomomys_szalayi,85,0.030531267858035283,0.8574021031616167,0.0934298034979778,0.018636825482370223,Hl,2.899827813395317
Dryomomys_szalayi,86,0.03867129761626982,0.7862112737331136,0.1453511627145947,0.02976626593602183,Hl,2.833787603029631
Dryomomys_szalayi,87,0.0947886697859257,0.8361963405868917,0.05912381010977963,0.009891179517402926,Hl,3.0158825006413403
Dryomomys_szalayi,88,0.09154493160240428,0.8114202806988755,0.07905625018368667,0.017978537515033532,Hl,2.9765316063886504
Dryomomys_szalayi,89,0.04834691777160531,0.8321076573039725,0.09887899993617488,0.020666424988247334,Hl,2.9081350678589355
Dryomomys_szalayi,90,0.04928481672458756,0.8246050248997576,0.10912712432347882,0.01698303405217605,Hl,2.9061916242967563
Dryomomys_szalayi,91,0.030269207698950567,0.8818893511325471,0.07471110191824437,0.013130339250257972,Hl,2.92929742728019
Dryomomys_szalayi,92,0.17222220236524455,0.7932735997411621,0.025527186925080936,0.008977010968512444,Hl,3.1287409935031385
Dryomomys_szalayi,93,0.05031121635178428,0.7934288631347639,0.12623619541446762,0.03002372509898421,Hl,2.864027570739348
Dryomomys_szalayi,94,0.043063236187365336,0.8287237803610842,0.10733298113334089,0.020880002318209634,Hl,2.8939702504176052
Dryomomys_szalayi,95,0.03339715668853072,0.8170106423332606,0.12794772948094968,0.02164447149725901,Hl,2.862160484213063
Dryomomys_szalayi,96,0.10080286723714488,0.8373330172134936,0.053651477267552594,0.008212638281808848,Hl,3.030726113405974
Dryomomys_szalayi,97,0.042162056501977116,0.7275071086635992,0.1782810872603967,0.05204974757402692,Hl,2.7597814740935265
Dryomomys_szalayi,98,0.04733054905254103,0.7501649297019501,0.14620474269500783,0.056299778550500945,Hl,2.788526249256531
Dryomomys_szalayi,99,0.031979697930334505,0.88593746476914,0.06556726677016655,0.016515570530358903,Hl,2.9333812900994505
Dryomomys_szalayi,100,0.07603887640995463,0.8505588592283335,0.06388490346076237,0.009517360900949456,Hl,2.9931192511472937
Eomaia_scansoria,1,0.018098778801513938,0.6715951439409374,0.265011423699,0.04529465355854867,Hl,2.662498047985417
Eomaia_scansoria,2,0.03798125705068728,0.7929650588015225,0.14584777378391445,0.02320591036387587,Hl,2.845721662539021
Eomaia_scansoria,3,0.03310528023042789,0.8233792196911999,0.12240034911675046,0.021115150961621754,Hl,2.868474629190434
Eomaia_scansoria,4,0.09153222095786975,0.8652643789176243,0.038032281090767506,0.005171119033738458,Hl,3.0431577017996254
Eomaia_scansoria,5,0.12835549107768976,0.7672265378227511,0.07708643331875531,0.027331537780803883,Hl,2.9966059821973263
Eomaia_scansoria,6,0.026754486884609765,0.6463099154503158,0.23679798367204874,0.09013761399302567,Hl,2.6096812752265097
Eomaia_scansoria,7,0.18612220526965104,0.7568680239115554,0.04532197281878014,0.011687798000013405,Hl,3.1174246364508442
Eomaia_scansoria,8,0.05310853478925912,0.8645705975021503,0.07091045764230686,0.011410410066283738,Hl,2.9593772570143844
Eomaia_scansoria,9,0.009214894727599813,0.6953596298453837,0.22614104463982143,0.06928443078719504,Hl,2.6445049885133884
Eomaia_scansoria,10,0.03871131023865653,0.7320698017831346,0.18808531142620788,0.041133576552001005,Hl,2.7683588457084465
Eomaia_scansoria,11,0.028393330286000593,0.6766346957034909,0.2406962088598671,0.054275765150641475,Hl,2.6791455911248505
Eomaia_scansoria,12,0.0783936722438703,0.8012653387784817,0.1008880991817237,0.0194528897959243,Hl,2.9385997934702983
Eomaia_scansoria,13,0.040172029588811047,0.8139902751617833,0.11780053800306878,0.02803715724633682,Hl,2.8662971770930685
Eomaia_scansoria,14,0.00886003198693181,0.5915961699207807,0.33413880048369904,0.06540499760858842,Hl,2.543911236286056
Eomaia_scansoria,15,0.024895738055966413,0.8523068714379559,0.0981731687071965,0.02462422179888113,Hl,2.8774741257510077
Eomaia_scansoria,16,0.01664058315376443,0.7951216796751253,0.1787429273760044,0.009494809795105974,Hl,2.8189080361875485
Eomaia_scansoria,17,0.12457159955386529,0.8210331218646744,0.049738145745396145,0.004657132836064171,Hl,3.065519188136341
Eomaia_scansoria,18,0.005792416342950537,0.6243063426014158,0.31506119662203314,0.054840044433600466,Hl,2.5810511308537163
Eomaia_scansoria,19,0.04270305842977046,0.8335468200852938,0.10390217014479042,0.019847951340145276,Hl,2.899104985604689
Eomaia_scansoria,20,0.056186697661008894,0.832722941842308,0.0985923823198872,0.012497978176795876,Hl,2.93259835898753
Eomaia_scansoria,21,0.09728830949147879,0.84742898535193,0.04212750444083746,0.013155200715753712,Hl,3.028850403619134
